0
0
0
0
0
0
0
0
0
0
0
0
0
0
0
0
0
0
0
0.00172172
0.01093301
0.0278344
0.0626527
0.0803286
0.0994587
0.147202
0.21076
0.238986
0.298122
0.310772
0.393107
0.444554
0.513084
0.522951
0.478995
0.493295
0.628837
0.652784
0.798347
0.70169
0.79849
0.866426
0.872586
0.843887
0.888668
0.861729
0.885643
0.899767
0.917037
0.905036
0.864831
0.928114
0.706684
0.751234
0.757218
0.649253
0.655347
0.591162
0.539935
0.509014
0.671561
0.652267
0.412445
0.330099
0.419452
0.339009
0.345653
0.301741
0.249953
0.184833
0.151217
0.0887073
0.0732985
0.0501413
0.0263714
0.0113256
0.00123387
0
0
0
0
0
0
0
0
0
0
0
0
0
0
0
0
0
0
0
